================LEX TABLE==============

Num      Line   Lexema            ID in IT             value

  0       1       s                   1                    
  1       2       {                                        
  2       3       n                                        
  3       3       t                                       l
  4       3       i                   2                    
  5       3       ;                                        
  6       4       n                                        
  7       4       t                                       t
  8       4       i                   3                    
  9       4       ;                                        
 10       5       i                   3                    
 11       5       =                                        
 12       5       l                   4                    
 13       5       ;                                        
 14       6       i                   2                    
 15       6       =                                        
 16       6       i                  -3                   z
 17       6       (                                        
 18       6       i                   3                    
 19       6       )                                        
 20       6       ;                                        
 21       7       o                                        
 22       7       (                                        
 23       7       i                   2                    
 24       7       )                                        
 25       7       ;                                        
 26       8       i                   2                    
 27       8       =                                        
 28       8       i                   2                    
 29       8       v                                       +
 30       8       l                   5                    
 31       8       ;                                        
 32       9       o                                        
 33       9       (                                        
 34       9       i                   2                    
 35       9       )                                        
 36       9       ;                                        
 37      10       r                                        
 38      10       l                   6                   z
 39      10       ;                                        
 40      11       }                                        
 41      11       ;                                        
