================LEX TABLE==============

Num      Line   Lexema            ID in IT             value

  0       1       t                                       t
  1       1       f                                        
  2       1       i                   1                    
  3       1       (                                        
  4       1       t                                       l
  5       1       i                   2                    
  6       1       ,                                        
  7       1       t                                       l
  8       1       i                   3                    
  9       1       )                                        
 10       2       {                                        
 11       3       n                                        
 12       3       t                                       t
 13       3       i                   4                    
 14       3       ;                                        
 15       4       i                   2                    
 16       4       =                                        
 17       4       i                   3                    
 18       4       ;                                        
 19       5       c                                        
 20       5       (                                        
 21       5       i                   2                    
 22       5       =                                        
 23       5       i                   3                    
 24       5       )                                        
 25       5       ?                                       ?
 26       6       {                                        
 27       7       i                   4                    
 28       7       =                                        
 29       7       l                   5                    
 30       7       ;                                        
 31       8       }                                        
 32      10       j                                        
 33      10       {                                        
 34      11       i                   4                    
 35      11       =                                        
 36      11       l                   6                    
 37      11       ;                                        
 38      12       }                                        
 39      14       r                                        
 40      14       i                   4                    
 41      14       ;                                        
 42      15       }                                        
 43      15       ;                                        
 44      17       s                   7                    
 45      18       {                                        
 46      19       n                                        
 47      19       t                                       l
 48      19       i                   8                    
 49      19       ;                                        
 50      20       n                                        
 51      20       t                                       l
 52      20       i                   9                    
 53      20       ;                                        
 54      21       n                                        
 55      21       t                                       l
 56      21       i                  10                    
 57      21       ;                                        
 58      23       n                                        
 59      23       t                                       t
 60      23       i                  11                    
 61      23       ;                                        
 62      24       i                  11                    
 63      24       =                                        
 64      24       l                  12                    
 65      24       ;                                        
 66      26       i                   8                    
 67      26       =                                        
 68      26       l                  13                    
 69      26       ;                                        
 70      27       i                   9                    
 71      27       =                                        
 72      27       l                  14                    
 73      27       ;                                        
 74      29       i                  10                    
 75      29       =                                        
 76      29       i                   8                    
 77      29       i                   9                    
 78      29       v                                       +
 79      29       ;                                        
 80      30       o                                        
 81      30       (                                        
 82      30       i                  10                    
 83      30       )                                        
 84      30       ;                                        
 85      31       i                  10                    
 86      31       =                                        
 87      31       i                   8                    
 88      31       i                   9                    
 89      31       v                                       -
 90      31       ;                                        
 91      32       o                                        
 92      32       (                                        
 93      32       i                  10                    
 94      32       )                                        
 95      32       ;                                        
 96      33       i                  10                    
 97      33       =                                        
 98      33       i                   8                    
 99      33       i                   9                    
100      33       v                                       *
101      33       ;                                        
102      34       o                                        
103      34       (                                        
104      34       i                  10                    
105      34       )                                        
106      34       ;                                        
107      35       i                  10                    
108      35       =                                        
109      35       i                   8                    
110      35       i                   9                    
111      35       v                                       /
112      35       ;                                        
113      36       o                                        
114      36       (                                        
115      36       i                  10                    
116      36       )                                        
117      36       ;                                        
118      37       i                  10                    
119      37       =                                        
120      37       i                   8                    
121      37       i                   9                    
122      37       v                                       %
123      37       ;                                        
124      38       o                                        
125      38       (                                        
126      38       i                  10                    
127      38       )                                        
128      38       ;                                        
129      39       i                  10                    
130      39       =                                        
131      39       l                  15                    
132      39       ;                                        
133      40       o                                        
134      40       (                                        
135      40       i                  10                    
136      40       )                                        
137      40       ;                                        
138      41       i                  10                    
139      41       =                                        
140      41       i                  11                    
141      41       @                  -3                   z
142      41       1                  -1                   z
143      41       #                  -1                    
144      41       #                  -1                    
145      42       o                                        
146      42       (                                        
147      42       i                  10                    
148      42       )                                        
149      42       ;                                        
150      44       c                                        
151      44       (                                        
152      44       i                  10                    
153      44       y                                       >
154      44       l                  16                    
155      44       )                                        
156      44       ?                                       ?
157      45       {                                        
158      46       o                                        
159      46       (                                        
160      46       l                  17                    
161      46       )                                        
162      46       ;                                        
163      47       }                                        
164      49       j                                        
165      49       {                                        
166      50       i                  10                    
167      50       =                                        
168      50       i                  10                    
169      50       l                  18                    
170      50       v                                       *
171      50       ;                                        
172      51       o                                        
173      51       (                                        
174      51       i                  10                    
175      51       )                                        
176      51       ;                                        
177      52       }                                        
178      54       i                  11                    
179      54       =                                        
180      54       i                   8                    
181      54       i                   9                    
182      54       @                   1                    
183      54       2                  -1                    
184      54       ;                                        
185      54       #                  -1                    
186      54       #                  -1                    
187      55       o                                        
188      55       (                                        
189      55       i                  11                    
190      55       )                                        
191      55       ;                                        
192      56       r                                        
193      56       l                  19                    
194      56       ;                                        
195      57       }                                        
196      57       ;                                        
